### HM 06 Graphs

#### Аналіз основних характеристик для Графу

Міста: "Dnipro", "Kyiv", "Kharkiv", "Lviv", "Odesa", "Zhytomyr", "Vinnytsia", "Rivne", "Donetsk", "Luhansk", "Simferopol".

Кількість вершин - 11.
Кількість ребер - 14.

Звʼязки:

```
("Kyiv", "Dnipro", 495), ("Kyiv", "Kharkiv", 410), ("Kyiv", "Odesa", 441), 
("Kyiv", "Zhytomyr", 139), ("Lviv", "Rivne", 210), ("Rivne", "Zhytomyr", 189),
("Vinnytsia", "Zhytomyr", 129), ("Vinnytsia", "Dnipro", 573), ("Lviv", "Vinnytsia", 364),
("Kharkiv", "Luhansk", 338), ("Luhansk", "Donetsk", 155), ("Dnipro", "Donetsk", 258),
("Dnipro", "Odesa", 455), ("Dnipro", "Simferopol", 539)
```

Ступінь кожної вершини при заданих звʼязках:

```
'Dnipro': 5,
'Kyiv': 4,
'Kharkiv': 2,
'Lviv': 2,
'Odesa': 2,
'Zhytomyr': 3,
'Vinnytsia': 3,
'Rivne': 2,
'Donetsk': 2,
'Luhansk': 2,
'Simferopol': 1
```

#### Порівняння DFS та BFS

Порівняння було виконано для шляху 'Kyiv' - 'Lviv'.

DFS:
```
['Kyiv', 'Dnipro', 'Vinnytsia', 'Zhytomyr', 'Rivne', 'Lviv']
```
Пошук в глибину спершу обирає довший шлях через Zhytomyr і Rivne, перш ніж дістатися до Lviv. Це пояснюється тим, що DFS заглиблюється в сусідні вершини, тому, якщо він знаходить шлях, який задовольняє умовам, він його повертає, навіть якщо шлях довший.

BFS:
```
['Kyiv', 'Dnipro', 'Vinnytsia', 'Lviv']
```
Пошук в ширину знайшов коротший шлях із мінімальною кількістю кроків, який проходить через Dnipro та Vinnytsia прямо до Lviv, оскільки BFS розглядає всі сусідні вершини на кожному рівні, перш ніж переходити далі.

#### Алгоритм Дейкстри

| From        | Dnipro | Kyiv | Kharkiv | Lviv | Odesa | Zhytomyr | Vinnytsia | Rivne | Donetsk | Luhansk | Simferopol |
|-------------|--------|------|---------|------|-------|----------|-----------|-------|---------|---------|------------|
| **Dnipro**      | 0      | 495  | 751     | 937  | 455   | 634      | 573       | 823   | 258     | 413     | 539        |
| **Kyiv**        | 495    | 0    | 410     | 538  | 441   | 139      | 268       | 328   | 753     | 748     | 1034       |
| **Kharkiv**     | 751    | 410  | 0       | 948  | 851   | 549      | 678       | 738   | 493     | 338     | 1290       |
| **Lviv**        | 937    | 538  | 948     | 0    | 979   | 399      | 364       | 210   | 1195    | 1286    | 1476       |
| **Odesa**       | 455    | 441  | 851     | 979  | 0     | 580      | 709       | 769   | 713     | 868     | 994        |
| **Zhytomyr**    | 634    | 139  | 549     | 399  | 580   | 0        | 129       | 189   | 892     | 887     | 1173       |
| **Vinnytsia**   | 573    | 268  | 678     | 364  | 709   | 129      | 0         | 318   | 831     | 986     | 1112       |
| **Rivne**       | 823    | 328  | 738     | 210  | 769   | 189      | 318       | 0     | 1081    | 1076    | 1362       |
| **Donetsk**     | 258    | 753  | 493     | 1195 | 713   | 892      | 831       | 1081  | 0       | 155     | 797        |
| **Luhansk**     | 413    | 748  | 338     | 1286 | 868   | 887      | 986       | 1076  | 155     | 0       | 952        |
| **Simferopol**  | 539    | 1034 | 1290    | 1476 | 994   | 1173     | 1112      | 1362  | 797     | 952     | 0          |

